7,,,,,,
0,0.64,0.85,0.44,0.83,0.92,0.99
0.64,0,1.59,1.35,1.32,1.88,1.55
0.85,1.59,0,0.66,1.63,0.69,0.73
0.44,1.35,0.66,0,0.66,0.43,0.88
0.83,1.32,1.63,0.66,0,0.68,0.55
0.92,1.88,0.69,0.43,0.68,0,0.85
0.99,1.55,0.73,0.88,0.55,0.85,0